1001
 0.0 1.0
 -0.008585786437626907 0.9914142135623731
 -0.017171572875253813 0.9828284271247462
 -0.02575735931288072 0.9742426406871193
 -0.03434314575050763 0.9656568542494923
 -0.04292893218813454 0.9570710678118655
 -0.05151471862576144 0.9484852813742386
 -0.06010050506338835 0.9398994949366116
 -0.06868629150101525 0.9313137084989848
 -0.07727207793864216 0.9227279220613578
 -0.08585786437626908 0.9141421356237309
 -0.09444365081389597 0.9055563491861041
 -0.10302943725152287 0.8969705627484771
 -0.11161522368914979 0.8883847763108502
 -0.1202010101267767 0.8797989898732232
 -0.1287867965644036 0.8712132034355964
 -0.1373725830020305 0.8626274169979695
 -0.14595836943965743 0.8540416305603425
 -0.15454415587728432 0.8454558441227157
 -0.16312994231491124 0.8368700576850887
 -0.17171572875253815 0.8282842712474618
 -0.18030151519016502 0.819698484809835
 -0.18888730162779194 0.8111126983722081
 -0.19747308806541886 0.8025269119345811
 -0.20605887450304575 0.7939411254969543
 -0.21464466094067267 0.7853553390593273
 -0.22323044737829958 0.7767695526217004
 -0.23181623381592648 0.7681837661840736
 -0.2404020202535534 0.7595979797464466
 -0.24898780669118029 0.7510121933088197
 -0.2575735931288072 0.7424264068711928
 -0.2661593795664341 0.7338406204335659
 -0.274745166004061 0.725254833995939
 -0.28333095244168793 0.7166690475583121
 -0.29191673887931485 0.7080832611206851
 -0.30050252531694177 0.6994974746830582
 -0.30908831175456863 0.6909116882454314
 -0.31767409819219555 0.6823259018078045
 -0.32625988462982247 0.6737401153701775
 -0.3348456710674494 0.6651543289325506
 -0.3434314575050763 0.6565685424949237
 -0.3520172439427032 0.6479827560572968
 -0.36060303038033004 0.63939696961967
 -0.369188816817957 0.630811183182043
 -0.3777746032555839 0.6222253967444161
 -0.38636038969321085 0.6136396103067892
 -0.3949461761308377 0.6050538238691623
 -0.40353196256846463 0.5964680374315354
 -0.4121177490060915 0.5878822509939086
 -0.42070353544371847 0.5792964645562815
 -0.42928932188134533 0.5707106781186546
 -0.43787510831897225 0.5621248916810277
 -0.44646089475659917 0.5535391052434009
 -0.4550466811942261 0.5449533188057739
 -0.46363246763185295 0.536367532368147
 -0.4722182540694799 0.5277817459305201
 -0.4808040405071068 0.5191959594928932
 -0.4893898269447337 0.5106101730552663
 -0.49797561338236057 0.5020243866176395
 -0.5065613998199875 0.4934386001800125
 -0.5151471862576144 0.48485281374238565
 -0.5237329726952413 0.47626702730475867
 -0.5323187591328682 0.4676812408671318
 -0.5409045455704952 0.45909545442950483
 -0.549490332008122 0.45050966799187797
 -0.5580761184457489 0.4419238815542511
 -0.5666619048833759 0.43333809511662413
 -0.5752476913210027 0.42475230867899727
 -0.5838334777586297 0.4161665222413703
 -0.5924192641962566 0.40758073580374343
 -0.6010050506338835 0.39899494936611646
 -0.6095908370715104 0.3904091629284896
 -0.6181766235091373 0.38182337649086273
 -0.6267624099467641 0.37323759005323587
 -0.6353481963843911 0.3646518036156089
 -0.643933982822018 0.35606601717798203
 -0.6525197692596449 0.34748023074035506
 -0.6611055556972718 0.3388944443027282
 -0.6696913421348988 0.3303086578651012
 -0.6782771285725256 0.32172287142747436
 -0.6868629150101526 0.3131370849898474
 -0.6954487014477795 0.3045512985522205
 -0.7040344878854063 0.29596551211459365
 -0.7126202743230333 0.2873797256769667
 -0.7212060607606601 0.2787939392393399
 -0.729791847198287 0.27020815280171295
 -0.738377633635914 0.261622366364086
 -0.746963420073541 0.253036579926459
 -0.7555492065111677 0.24445079348883225
 -0.7641349929487947 0.23586500705120528
 -0.7727207793864217 0.2272792206135783
 -0.7813065658240486 0.21869343417595144
 -0.7898923522616754 0.21010764773832458
 -0.7984781386993023 0.2015218613006977
 -0.8070639251369293 0.19293607486307074
 -0.8156497115745562 0.18435028842544376
 -0.824235498012183 0.175764501987817
 -0.83282128444981 0.16717871555019004
 -0.8414070708874369 0.15859292911256306
 -0.8499928573250637 0.1500071426749363
 -0.8585786437626907 0.14142135623730934
 -0.8585786437626904 0.1414213562373095
 -0.8630905788142622 0.14579372548428232
 -0.8677376269352697 0.15002221392609194
 -0.872515202050262 0.15410264855515787
 -0.8774185892694047 0.1580310024751381
 -0.8824429495415054 0.1618033988749895
 -0.8875833244295739 0.1654161148549124
 -0.8928346410042007 0.16886558510040306
 -0.8981917168499258 0.17214840540078877
 -0.903649265179657 0.17526133600877278
 -0.9092019000520907 0.1782013048376736
 -0.9148441416869856 0.18096541049320394
 -0.9205704218730439 0.18355092513679627
 -0.9263750894630645 0.18595529717765033
 -0.9322524159509419 0.18817615379084515
 -0.9381966011250107 0.19021130325903077
 -0.9442017787921543 0.19205873713538868
 -0.9502620225670292 0.19371663222572627
 -0.9563713517206917 0.19518335238774953
 -0.9625237370828552 0.1964574501457378
 -0.968713106991954 0.1975376681190276
 -0.9749333532871394 0.19842294026289561
 -0.9811783373362973 0.19911239292061603
 -0.9874418960941376 0.19960534568565436
 -0.9937178481843746 0.19990131207314632
 -1.0000000000000002 0.2
 -1.006282151815626 0.19990131207314632
 -1.0125581039058629 0.1996053456856543
 -1.018821662663703 0.199112392920616
 -1.025066646712861 0.19842294026289553
 -1.0312868930080463 0.1975376681190275
 -1.0374762629171452 0.19645745014573768
 -1.0436286482793087 0.19518335238774942
 -1.0497379774329711 0.19371663222572616
 -1.055798221207846 0.19205873713538854
 -1.0618033988749898 0.19021130325903063
 -1.0677475840490587 0.188176153790845
 -1.073624910536936 0.18595529717765016
 -1.0794295781269565 0.1835509251367961
 -1.0851558583130148 0.1809654104932038
 -1.0907980999479097 0.1782013048376735
 -1.0963507348203432 0.1752613360087726
 -1.1018082831500744 0.17214840540078866
 -1.1071653589957995 0.16886558510040295
 -1.1124166755704261 0.1654161148549123
 -1.1175570504584946 0.16180339887498946
 -1.1225814107305954 0.15803100247513807
 -1.127484797949738 0.15410264855515787
 -1.1322623730647303 0.15002221392609194
 -1.1369094211857376 0.14579372548428235
 -1.1414213562373094 0.1414213562373096
 -1.1457937254842823 0.13690942118573785
 -1.1500222139260918 0.13226237306473052
 -1.1541026485551578 0.1274847979497381
 -1.158031002475138 0.1225814107305955
 -1.1618033988749894 0.11755705045849485
 -1.1654161148549123 0.1124166755704264
 -1.1688655851004028 0.10716535899579963
 -1.1721484054007885 0.1018082831500746
 -1.1752613360087725 0.09635073482034344
 -1.1782013048376734 0.09079809994790977
 -1.1809654104932037 0.08515585831301499
 -1.183550925136796 0.07942957812695661
 -1.1859552971776501 0.07362491053693614
 -1.1881761537908448 0.06774758404905885
 -1.1902113032590305 0.061803398874990104
 -1.1920587371353886 0.0557982212078465
 -1.193716632225726 0.049737977432971654
 -1.1951833523877493 0.04362864827930925
 -1.1964574501457377 0.037476262917145696
 -1.1975376681190275 0.03128689300804698
 -1.1984229402628954 0.0250666467128617
 -1.199112392920616 0.018821662663703755
 -1.1996053456856544 0.012558103905863606
 -1.1999013120731463 0.006282151815626625
 -1.2 1.0014891976530847e-15
 -1.1999013120731463 -0.006282151815624622
 -1.1996053456856544 -0.012558103905861604
 -1.199112392920616 -0.018821662663701763
 -1.1984229402628956 -0.025066646712859714
 -1.1975376681190277 -0.03128689300804501
 -1.196457450145738 -0.03747626291714373
 -1.1951833523877498 -0.04362864827930729
 -1.1937166322257267 -0.04973797743296971
 -1.192058737135389 -0.055798221207844584
 -1.1902113032590311 -0.061803398874988195
 -1.1881761537908455 -0.06774758404905697
 -1.1859552971776508 -0.07362491053693426
 -1.1835509251367968 -0.07942957812695478
 -1.1809654104932046 -0.08515585831301317
 -1.1782013048376743 -0.090798099947908
 -1.1752613360087736 -0.09635073482034168
 -1.1721484054007896 -0.1018082831500729
 -1.168865585100404 -0.10716535899579793
 -1.1654161148549134 -0.11241667557042474
 -1.1618033988749905 -0.11755705045849324
 -1.1580310024751392 -0.12258141073059392
 -1.1541026485551589 -0.12748479794973658
 -1.1500222139260932 -0.13226237306472902
 -1.1457937254842836 -0.13690942118573637
 -1.1414213562373108 -0.14142135623730817
 -1.1369094211857391 -0.145793725484281
 -1.1322623730647319 -0.1500222139260906
 -1.1274847979497393 -0.15410264855515665
 -1.122581410730597 -0.1580310024751369
 -1.1175570504584962 -0.16180339887498832
 -1.1124166755704277 -0.16541611485491126
 -1.107165358995801 -0.16886558510040192
 -1.101808283150076 -0.17214840540078769
 -1.096350734820345 -0.1752613360087717
 -1.0907980999479112 -0.1782013048376726
 -1.0851558583130165 -0.18096541049320297
 -1.0794295781269583 -0.18355092513679536
 -1.0736249105369378 -0.18595529717764947
 -1.0677475840490604 -0.18817615379084432
 -1.0618033988749918 -0.19021130325903002
 -1.055798221207848 -0.19205873713538796
 -1.0497379774329734 -0.19371663222572563
 -1.043628648279311 -0.19518335238774898
 -1.0374762629171475 -0.1964574501457373
 -1.0312868930080488 -0.19753766811902718
 -1.0250666467128633 -0.19842294026289525
 -1.0188216626637054 -0.19911239292061578
 -1.0125581039058653 -0.19960534568565416
 -1.0062821518156284 -0.19990131207314624
 -1.0000000000000027 -0.2
 -0.993717848184377 -0.1999013120731464
 -0.9874418960941401 -0.1996053456856545
 -0.9811783373362999 -0.19911239292061628
 -0.9749333532871419 -0.19842294026289595
 -0.9687131069919567 -0.197537668119028
 -0.962523737082858 -0.1964574501457383
 -0.9563713517206943 -0.19518335238775014
 -0.950262022567032 -0.193716632225727
 -0.944201778792157 -0.19205873713538946
 -0.9381966011250135 -0.19021130325903168
 -0.9322524159509447 -0.18817615379084615
 -0.9263750894630673 -0.18595529717765144
 -0.9205704218730468 -0.1835509251367975
 -0.9148441416869884 -0.18096541049320528
 -0.9092019000520936 -0.17820130483767505
 -0.9036492651796598 -0.1752613360087743
 -0.8981917168499286 -0.17214840540079043
 -0.8928346410042035 -0.16886558510040484
 -0.8875833244295767 -0.16541611485491425
 -0.8824429495415081 -0.1618033988749915
 -0.8774185892694074 -0.1580310024751402
 -0.8725152020502647 -0.1541026485551601
 -0.8677376269352722 -0.15002221392609424
 -0.8630905788142649 -0.14579372548428474
 -0.8537975951791879 -0.14620240482081204
 -0.8490165465956854 -0.15098345340431457
 -0.8442354980121828 -0.15576450198781713
 -0.8394544494286803 -0.16054555057131967
 -0.8346734008451777 -0.1653265991548222
 -0.8298923522616752 -0.17010764773832474
 -0.8251113036781726 -0.1748886963218273
 -0.8203302550946702 -0.17966974490532983
 -0.8155492065111676 -0.18445079348883237
 -0.8107681579276651 -0.1892318420723349
 -0.8059871093441625 -0.19401289065583743
 -0.8012060607606599 -0.19879393923933997
 -0.7964250121771574 -0.2035749878228425
 -0.7916439635936549 -0.20835603640634506
 -0.7868629150101524 -0.2131370849898476
 -0.7820818664266498 -0.21791813357335013
 -0.7773008178431473 -0.2226991821568527
 -0.7725197692596447 -0.22748023074035523
 -0.7677387206761421 -0.23226127932385776
 -0.7629576720926396 -0.2370423279073603
 -0.7581766235091371 -0.24182337649086283
 -0.7533955749256346 -0.24660442507436536
 -0.748614526342132 -0.2513854736578679
 -0.7438334777586295 -0.2561665222413705
 -0.7390524291751269 -0.260947570824873
 -0.7342713805916244 -0.26572861940837555
 -0.7294903320081219 -0.27050966799187803
 -0.7247092834246193 -0.2752907165753806
 -0.7199282348411168 -0.28007176515888316
 -0.7151471862576142 -0.2848528137423857
 -0.7103661376741117 -0.2896338623258882
 -0.7055850890906091 -0.29441491090939076
 -0.7008040405071065 -0.29919595949289335
 -0.6960229919236041 -0.3039770080763958
 -0.6912419433401016 -0.3087580566598984
 -0.686460894756599 -0.3135391052434009
 -0.6816798461730964 -0.3183201538269035
 -0.6768987975895939 -0.323101202410406
 -0.6721177490060913 -0.32788225099390855
 -0.6673367004225889 -0.33266329957741103
 -0.6625556518390863 -0.3374443481609136
 -0.6577746032555838 -0.34222539674441615
 -0.6529935546720812 -0.3470064453279187
 -0.6482125060885786 -0.3517874939114213
 -0.6434314575050761 -0.35656854249492376
 -0.6386504089215737 -0.36134959107842635
 -0.6338693603380711 -0.3661306396619289
 -0.6290883117545685 -0.3709116882454314
 -0.624307263171066 -0.3756927368289339
 -0.6195262145875634 -0.3804737854124365
 -0.6147451660040608 -0.385254833995939
 -0.6099641174205583 -0.39003588257944155
 -0.6051830688370559 -0.39481693116294414
 -0.6004020202535533 -0.3995979797464466
 -0.5956209716700507 -0.40437902832994915
 -0.5908399230865482 -0.40916007691345174
 -0.5860588745030456 -0.4139411254969543
 -0.5812778259195431 -0.4187221740804568
 -0.5764967773360405 -0.42350322266395934
 -0.5717157287525381 -0.4282842712474619
 -0.5669346801690355 -0.4330653198309644
 -0.5621536315855329 -0.43784636841446695
 -0.5573725830020304 -0.44262741699796954
 -0.5525915344185279 -0.447408465581472
 -0.5478104858350253 -0.45218951416497455
 -0.5430294372515228 -0.45697056274847714
 -0.5382483886680203 -0.46175161133197967
 -0.5334673400845177 -0.4665326599154822
 -0.5286862915010151 -0.47131370849898474
 -0.5239052429175126 -0.4760947570824873
 -0.5191241943340101 -0.4808758056659898
 -0.5143431457505075 -0.48565685424949234
 -0.509562097167005 -0.4904379028329949
 -0.5047810485835025 -0.49521895141649747
 -0.49999999999999994 -0.49999999999999994
 -0.49521895141649735 -0.5047810485835025
 -0.4904379028329948 -0.5095620971670051
 -0.4856568542494923 -0.5143431457505077
 -0.48087580566598975 -0.5191241943340101
 -0.4760947570824873 -0.5239052429175126
 -0.4713137084989847 -0.5286862915010152
 -0.4665326599154821 -0.5334673400845178
 -0.4617516113319796 -0.5382483886680203
 -0.4569705627484771 -0.5430294372515228
 -0.4521895141649745 -0.5478104858350255
 -0.447408465581472 -0.5525915344185279
 -0.4426274169979694 -0.5573725830020304
 -0.4378463684144669 -0.562153631585533
 -0.43306531983096436 -0.5669346801690355
 -0.4282842712474618 -0.5717157287525381
 -0.42350322266395923 -0.5764967773360405
 -0.41872217408045675 -0.5812778259195431
 -0.4139411254969542 -0.5860588745030457
 -0.40916007691345163 -0.5908399230865482
 -0.40437902832994915 -0.5956209716700507
 -0.39959797974644656 -0.6004020202535534
 -0.39481693116294403 -0.6051830688370559
 -0.3900358825794415 -0.6099641174205583
 -0.38525483399593896 -0.6147451660040609
 -0.38047378541243637 -0.6195262145875635
 -0.3756927368289339 -0.624307263171066
 -0.3709116882454313 -0.6290883117545685
 -0.36613063966192877 -0.6338693603380712
 -0.3613495910784263 -0.6386504089215737
 -0.35656854249492365 -0.6434314575050761
 -0.35178749391142117 -0.6482125060885788
 -0.3470064453279187 -0.6529935546720813
 -0.3422253967444161 -0.6577746032555838
 -0.3374443481609135 -0.6625556518390863
 -0.33266329957741103 -0.6673367004225887
 -0.32788225099390844 -0.6721177490060914
 -0.32310120241040585 -0.6768987975895939
 -0.3183201538269034 -0.6816798461730964
 -0.3135391052434008 -0.6864608947565991
 -0.3087580566598983 -0.6912419433401016
 -0.3039770080763958 -0.6960229919236041
 -0.29919595949289324 -0.7008040405071065
 -0.29441491090939076 -0.7055850890906092
 -0.28963386232588817 -0.7103661376741117
 -0.2848528137423856 -0.7151471862576142
 -0.2800717651588831 -0.7199282348411167
 -0.2752907165753805 -0.7247092834246194
 -0.2705096679918779 -0.7294903320081219
 -0.26572861940837544 -0.7342713805916243
 -0.26094757082487285 -0.739052429175127
 -0.2561665222413704 -0.7438334777586295
 -0.2513854736578679 -0.748614526342132
 -0.2466044250743653 -0.7533955749256345
 -0.24182337649086272 -0.7581766235091372
 -0.23704232790736024 -0.7629576720926396
 -0.23226127932385765 -0.7677387206761421
 -0.22748023074035506 -0.7725197692596448
 -0.22269918215685258 -0.7773008178431473
 -0.21791813357335 -0.7820818664266498
 -0.21313708498984751 -0.7868629150101525
 -0.20835603640634492 -0.791643963593655
 -0.20357498782284245 -0.7964250121771574
 -0.19879393923933986 -0.8012060607606599
 -0.19401289065583738 -0.8059871093441624
 -0.1892318420723348 -0.8107681579276651
 -0.1844507934888322 -0.8155492065111676
 -0.17966974490532972 -0.8203302550946701
 -0.17488869632182713 -0.8251113036781728
 -0.17010764773832465 -0.8298923522616752
 -0.16532659915482206 -0.8346734008451777
 -0.16054555057131958 -0.8394544494286802
 -0.1557645019878171 -0.8442354980121827
 -0.1509834534043144 -0.8490165465956854
 -0.14620240482081204 -0.8537975951791879
 -0.14142135623730945 -0.8585786437626903
 -0.1414213562373095 -0.8585786437626904
 -0.14471395583768984 -0.8619497519531125
 -0.1479262189957219 -0.8653974972980453
 -0.15105636245703669 -0.8689199658176412
 -0.15410264855515776 -0.872515202050262
 -0.1570633861761489 -0.8761812101380331
 -0.15993693169741802 -0.879915954934823
 -0.16272168990015728 -0.8837173631360337
 -0.16541611485491226 -0.8875833244295737
 -0.16801871077978825 -0.8915116926673761
 -0.1705280328708183 -0.89550028705681
 -0.17294268810403088 -0.8995468933713252
 -0.17526133600877258 -0.9036492651796566
 -0.1774826894118565 -0.9078051250929072
 -0.17960551515212297 -0.9120121660288166
 -0.1816286347650161 -0.916268052492514
 -0.18355092513679605 -0.9205704218730435
 -0.185371319128024 -0.9249168857549429
 -0.1870888061659733 -0.9293050312441481
 -0.18870243280563856 -0.9337324223074853
 -0.19021130325903057 -0.93819660112501
 -0.19161457989246367 -0.9426950894544398
 -0.19291148369155947 -0.9472253900069249
 -0.19410129469370835 -0.9517849878333916
 -0.19518335238774934 -0.9563713517206909
 -0.19615705608064596 -0.9609819355967737
 -0.19702186523095466 -0.9656141799441174
 -0.19777729974890082 -0.9702655132206147
 -0.19842294026289548 -0.9749333532871384
 -0.19895842835234523 -0.9796151088409892
 -0.19938346674662555 -0.9843081808544302
 -0.19969781949010756 -0.98900996401751
 -0.1999013120731463 -0.9937178481843735
 -0.19999383152895794 -0.9984292198222569
 -0.19997532649633215 -1.0031414634623632
 -0.19984580724814463 -1.0078519631518128
 -0.19960534568565438 -1.0125581039058618
 -0.19925407529858835 -1.0172572731595837
 -0.19879219109103607 -1.021946862218208
 -0.1982199494731951 -1.0266242677053095
 -0.19753766811902773 -1.031286893008045
 -0.1967457257899074 -1.0359321497186373
 -0.19584456212435342 -1.0405574590713014
 -0.19483467739397015 -1.0451602533738196
 -0.19371663222572655 -1.0497379774329698
 -0.1924910472907298 -1.0542880899730136
 -0.1911586029596664 -1.0588080650464595
 -0.18972003892510136 -1.063295393436316
 -0.18817615379084554 -1.0677475840490571
 -0.18652780462861931 -1.072162165297527
 -0.1847759065022579 -1.0765366864730166
 -0.1829214319597233 -1.0808687191057478
 -0.18096541049320453 -1.0851558583130132
 -0.17890892796760569 -1.089395724134223
 -0.1767531260177394 -1.0935859628521134
 -0.17449920141456016 -1.0977242482993896
 -0.17214840540078952 -1.1018082831500728
 -0.16970204299630157 -1.1058358001948367
 -0.16716147227365494 -1.109804563599625
 -0.1645281036041729 -1.1137123701468514
 -0.16180339887499046 -1.1175570504584933
 -0.158988870677503 -1.1213364702003985
 -0.156086081467667 -1.1250485312671397
 -0.15309664269861875 -1.1286911729467546
 -0.15002221392609305 -1.132262373064729
 -0.14686450188713832 -1.135760149106587
 -0.14362525955263902 -1.1391825593184617
 -0.14030628515417246 -1.1425277037850399
 -0.1369094211857391 -1.145793725484281
 -0.13343655338092134 -1.1489788113183232
 -0.12988960966603819 -1.152081193120005
 -0.12627055908987697 -1.1550991486344457
 -0.1225814107305967 -1.158031002475137
 -0.11882421258040908 -1.1608751270540159
 -0.11500105040865707 -1.1636299434850037
 -0.11111404660392177 -1.1662939224605082
 -0.10716535899580062 -1.1688655851004022
 -0.10315717965701075 -1.171343503773009
 -0.09909173368648272 -1.1737263028876375
 -0.0949712779741201 -1.1760126596582259
 -0.0907980999479105 -1.178201304837673
 -0.08657451630408389 -1.1802910234224486
 -0.08230287172102281 -1.1822806553270886
 -0.07798553755763867 -1.1841690960282047
 -0.07362491053693655 -1.18595529717765
 -0.06922341141549951 -1.1876382671844965
 -0.06478348363963074 -1.1892170717655088
 -0.06030759198889995 -1.1906908344638
 -0.0557982212078466 -1.1920587371353883
 -0.051257874626600024 -1.1933200204033814
 -0.04668907277118173 -1.194473984079535
 -0.042094351964261714 -1.195519987552958
 -0.037476262917145446 -1.1964574501457377
 -0.032837369313773054 -1.197285851435299
 -0.02818024638751694 -1.1980047315433116
 -0.023507479491567874 -1.1986136913909853
 -0.01882166266370315 -1.199112392920616
 -0.014125397186233561 -1.199500559283254
 -0.009421290141928693 -1.199777974992394
 -0.00471195296672213 -1.1999444860436002
 -3.6739403974420595e-17 -1.2
 0.004711952966722056 -1.1999444860436002
 0.00942129014192862 -1.199777974992394
 0.014125397186233485 -1.199500559283254
 0.018821662663703075 -1.199112392920616
 0.0235074794915678 -1.1986136913909853
 0.02818024638751687 -1.1980047315433116
 0.03283736931377298 -1.197285851435299
 0.03747626291714538 -1.1964574501457377
 0.042094351964261645 -1.195519987552958
 0.04668907277118165 -1.194473984079535
 0.051257874626599954 -1.1933200204033814
 0.055798221207846534 -1.1920587371353883
 0.06030759198889987 -1.1906908344638
 0.06478348363963067 -1.1892170717655088
 0.06922341141549944 -1.1876382671844965
 0.07362491053693648 -1.18595529717765
 0.0779855375576386 -1.1841690960282047
 0.08230287172102274 -1.1822806553270886
 0.08657451630408382 -1.1802910234224486
 0.09079809994791044 -1.178201304837673
 0.09497127797412003 -1.1760126596582259
 0.09909173368648266 -1.1737263028876377
 0.10315717965701068 -1.1713435037730093
 0.10716535899580056 -1.1688655851004022
 0.11111404660392171 -1.1662939224605082
 0.115001050408657 -1.1636299434850037
 0.11882421258040904 -1.1608751270540159
 0.12258141073059665 -1.158031002475137
 0.12627055908987692 -1.1550991486344457
 0.1298896096660381 -1.152081193120005
 0.13343655338092134 -1.1489788113183232
 0.13690942118573915 -1.145793725484281
 0.1403062851541726 -1.1425277037850396
 0.14362525955263922 -1.1391825593184615
 0.14686450188713857 -1.1357601491065867
 0.15002221392609338 -1.1322623730647288
 0.1530966426986191 -1.1286911729467541
 0.15608608146766742 -1.1250485312671392
 0.15898887067750345 -1.121336470200398
 0.16180339887499093 -1.1175570504584926
 0.1645281036041734 -1.1137123701468508
 0.16716147227365546 -1.1098045635996243
 0.16970204299630212 -1.1058358001948358
 0.17214840540079013 -1.101808283150072
 0.17449920141456077 -1.0977242482993885
 0.17675312601774001 -1.0935859628521123
 0.17890892796760632 -1.0893957241342216
 0.18096541049320516 -1.0851558583130119
 0.18292143195972393 -1.0808687191057462
 0.18477590650225853 -1.076536686473015
 0.18652780462861995 -1.0721621652975255
 0.18817615379084618 -1.0677475840490553
 0.18972003892510197 -1.063295393436314
 0.19115860295966702 -1.0588080650464575
 0.19249104729073038 -1.0542880899730116
 0.1937166322257271 -1.0497379774329676
 0.19483467739397065 -1.0451602533738173
 0.1958445621243539 -1.040557459071299
 0.19674572578990784 -1.035932149718635
 0.19753766811902815 -1.0312868930080425
 0.19821994947319546 -1.0266242677053068
 0.19879219109103638 -1.0219468622182053
 0.1992540752985886 -1.0172572731595808
 0.19960534568565458 -1.0125581039058587
 0.19984580724814474 -1.0078519631518097
 0.1999753264963322 -1.00314146346236
 0.19999383152895792 -0.9984292198222536
 0.1999013120731462 -0.9937178481843701
 0.19969781949010737 -0.9890099640175066
 0.19938346674662527 -0.9843081808544267
 0.19895842835234487 -0.9796151088409857
 0.19842294026289503 -0.9749333532871347
 0.19777729974890026 -0.9702655132206109
 0.197021865230954 -0.9656141799441136
 0.1961570560806452 -0.9609819355967698
 0.19518335238774848 -0.9563713517206869
 0.19410129469370738 -0.9517849878333877
 0.19291148369155836 -0.9472253900069207
 0.19161457989246244 -0.9426950894544357
 0.1902113032590292 -0.9381966011250058
 0.18870243280563706 -0.9337324223074811
 0.18708880616597168 -0.9293050312441439
 0.18537131912802227 -0.9249168857549387
 0.1835509251367942 -0.9205704218730392
 0.1816286347650141 -0.9162680524925096
 0.1796055151521208 -0.9120121660288122
 0.1774826894118542 -0.9078051250929028
 0.1752613360087701 -0.9036492651796522
 0.17294268810402827 -0.8995468933713208
 0.17052803287081555 -0.8955002870568055
 0.16801871077978536 -0.8915116926673715
 0.16541611485490917 -0.8875833244295692
 0.1627216899001541 -0.8837173631360292
 0.15993693169741463 -0.8799159549348186
 0.15706338617614538 -0.8761812101380286
 0.1541026485551541 -0.8725152020502575
 0.1510563624570328 -0.8689199658176368
 0.14792621899571787 -0.8653974972980408
 0.14471395583768568 -0.8619497519531081
 0.14620240482081207 -0.853797595179188
 0.1509834534043146 -0.8490165465956855
 0.15576450198781716 -0.8442354980121829
 0.1605455505713197 -0.8394544494286804
 0.16532659915482223 -0.8346734008451778
 0.17010764773832476 -0.8298923522616753
 0.17488869632182732 -0.8251113036781728
 0.17966974490532986 -0.8203302550946703
 0.1844507934888324 -0.8155492065111677
 0.18923184207233493 -0.8107681579276652
 0.1940128906558375 -0.8059871093441626
 0.19879393923934002 -0.80120606076066
 0.20357498782284256 -0.7964250121771576
 0.2083560364063451 -0.791643963593655
 0.21313708498984762 -0.7868629150101525
 0.21791813357335016 -0.7820818664266499
 0.22269918215685272 -0.7773008178431474
 0.22748023074035525 -0.7725197692596448
 0.23226127932385782 -0.7677387206761423
 0.23704232790736032 -0.7629576720926398
 0.24182337649086288 -0.7581766235091372
 0.24660442507436542 -0.7533955749256347
 0.25138547365786795 -0.7486145263421321
 0.2561665222413705 -0.7438334777586296
 0.2609475708248731 -0.739052429175127
 0.26572861940837555 -0.7342713805916246
 0.27050966799187814 -0.729490332008122
 0.2752907165753807 -0.7247092834246194
 0.2800717651588832 -0.7199282348411169
 0.28485281374238575 -0.7151471862576144
 0.2896338623258883 -0.7103661376741118
 0.2944149109093908 -0.7055850890906092
 0.29919595949289335 -0.7008040405071068
 0.30397700807639594 -0.6960229919236042
 0.3087580566598984 -0.6912419433401017
 0.313539105243401 -0.6864608947565991
 0.31832015382690354 -0.6816798461730966
 0.3231012024104061 -0.676898797589594
 0.3278822509939086 -0.6721177490060914
 0.33266329957741114 -0.667336700422589
 0.33744434816091373 -0.6625556518390865
 0.3422253967444162 -0.6577746032555839
 0.34700644532791874 -0.6529935546720813
 0.3517874939114213 -0.6482125060885788
 0.35656854249492387 -0.6434314575050762
 0.36134959107842635 -0.6386504089215738
 0.36613063966192894 -0.6338693603380712
 0.37091168824543147 -0.6290883117545687
 0.375692736828934 -0.6243072631710661
 0.3804737854124366 -0.6195262145875635
 0.38525483399593907 -0.614745166004061
 0.3900358825794416 -0.6099641174205586
 0.39481693116294414 -0.6051830688370559
 0.39959797974644673 -0.6004020202535534
 0.4043790283299492 -0.5956209716700509
 0.4091600769134518 -0.5908399230865483
 0.4139411254969544 -0.5860588745030457
 0.41872217408045687 -0.5812778259195432
 0.42350322266395934 -0.5764967773360408
 0.42828427124746193 -0.5717157287525382
 0.4330653198309645 -0.5669346801690356
 0.437846368414467 -0.5621536315855331
 0.4426274169979696 -0.5573725830020305
 0.44740846558147207 -0.552591534418528
 0.45218951416497466 -0.5478104858350255
 0.45697056274847725 -0.543029437251523
 0.4617516113319797 -0.5382483886680204
 0.4665326599154823 -0.5334673400845178
 0.4713137084989848 -0.5286862915010153
 0.4760947570824874 -0.5239052429175128
 0.48087580566598986 -0.5191241943340102
 0.48565685424949245 -0.5143431457505077
 0.49043790283299493 -0.5095620971670052
 0.4952189514164975 -0.5047810485835026
 0.5 -0.5000000000000001
 0.5047810485835026 -0.4952189514164975
 0.5095620971670052 -0.490437902832995
 0.5143431457505077 -0.48565685424949245
 0.5191241943340102 -0.4808758056659899
 0.5239052429175127 -0.47609475708248744
 0.5286862915010153 -0.47131370849898485
 0.5334673400845179 -0.4665326599154823
 0.5382483886680204 -0.4617516113319798
 0.5430294372515229 -0.45697056274847725
 0.5478104858350255 -0.45218951416497466
 0.5525915344185279 -0.4474084655814722
 0.5573725830020305 -0.4426274169979696
 0.5621536315855331 -0.43784636841446706
 0.5669346801690356 -0.4330653198309646
 0.5717157287525382 -0.428284271247462
 0.5764967773360408 -0.42350322266395946
 0.5812778259195432 -0.4187221740804569
 0.5860588745030457 -0.4139411254969544
 0.5908399230865483 -0.4091600769134518
 0.5956209716700508 -0.4043790283299493
 0.6004020202535534 -0.39959797974644673
 0.605183068837056 -0.3948169311629442
 0.6099641174205584 -0.3900358825794417
 0.614745166004061 -0.3852548339959391
 0.6195262145875636 -0.38047378541243654
 0.6243072631710661 -0.37569273682893406
 0.6290883117545687 -0.3709116882454315
 0.6338693603380712 -0.36613063966192894
 0.6386504089215737 -0.36134959107842646
 0.6434314575050764 -0.35656854249492387
 0.6482125060885788 -0.3517874939114213
 0.6529935546720813 -0.3470064453279188
 0.6577746032555839 -0.3422253967444163
 0.6625556518390865 -0.33744434816091373
 0.667336700422589 -0.33266329957741125
 0.6721177490060916 -0.32788225099390866
 0.6768987975895941 -0.3231012024104061
 0.6816798461730966 -0.3183201538269036
 0.6864608947565992 -0.313539105243401
 0.6912419433401017 -0.3087580566598985
 0.6960229919236042 -0.30397700807639594
 0.7008040405071068 -0.29919595949289346
 0.7055850890906092 -0.29441491090939087
 0.7103661376741118 -0.2896338623258884
 0.7151471862576144 -0.2848528137423858
 0.7199282348411169 -0.2800717651588833
 0.7247092834246195 -0.27529071657538073
 0.7294903320081221 -0.27050966799187814
 0.7342713805916246 -0.26572861940837567
 0.7390524291751271 -0.2609475708248731
 0.7438334777586296 -0.2561665222413705
 0.7486145263421321 -0.251385473657868
 0.7533955749256347 -0.24660442507436553
 0.7581766235091373 -0.24182337649086294
 0.7629576720926398 -0.23704232790736046
 0.7677387206761423 -0.23226127932385787
 0.7725197692596449 -0.22748023074035528
 0.7773008178431474 -0.2226991821568528
 0.78208186642665 -0.21791813357335021
 0.7868629150101525 -0.21313708498984762
 0.7916439635936551 -0.20835603640634515
 0.7964250121771576 -0.20357498782284267
 0.8012060607606601 -0.19879393923934008
 0.8059871093441626 -0.1940128906558376
 0.8107681579276652 -0.189231842072335
 0.8155492065111678 -0.18445079348883242
 0.8203302550946703 -0.17966974490532994
 0.8251113036781729 -0.17488869632182735
 0.8298923522616753 -0.17010764773832487
 0.8346734008451779 -0.16532659915482228
 0.8394544494286804 -0.1605455505713198
 0.8442354980121829 -0.15576450198781733
 0.8490165465956856 -0.15098345340431463
 0.853797595179188 -0.14620240482081226
 0.8585786437626906 -0.14142135623730967
 0.8585786437626906 -0.14142135623730953
 0.8630905788142622 -0.1457937254842823
 0.8677376269352696 -0.15002221392609189
 0.872515202050262 -0.1541026485551578
 0.8774185892694046 -0.15803100247513802
 0.8824429495415053 -0.1618033988749894
 0.8875833244295737 -0.16541611485491226
 0.8928346410042005 -0.1688655851004029
 0.8981917168499255 -0.1721484054007886
 0.9036492651796567 -0.17526133600877258
 0.9092019000520903 -0.17820130483767344
 0.9148441416869851 -0.18096541049320375
 0.9205704218730435 -0.18355092513679608
 0.926375089463064 -0.18595529717765016
 0.9322524159509414 -0.18817615379084499
 0.9381966011250102 -0.19021130325903063
 0.9442017787921538 -0.19205873713538854
 0.9502620225670287 -0.19371663222572616
 0.9563713517206912 -0.19518335238774942
 0.9625237370828548 -0.19645745014573768
 0.9687131069919536 -0.1975376681190275
 0.9749333532871388 -0.19842294026289553
 0.9811783373362969 -0.199112392920616
 0.987441896094137 -0.1996053456856543
 0.993717848184374 -0.19990131207314632
 0.9999999999999998 -0.2
 1.0062821518156253 -0.19990131207314632
 1.0125581039058624 -0.19960534568565436
 1.0188216626637026 -0.19911239292061603
 1.0250666467128606 -0.19842294026289561
 1.0312868930080459 -0.1975376681190276
 1.0374762629171448 -0.1964574501457378
 1.0436286482793082 -0.19518335238774953
 1.0497379774329707 -0.19371663222572627
 1.0557982212078456 -0.19205873713538868
 1.0618033988749893 -0.1902113032590308
 1.0677475840490582 -0.18817615379084518
 1.0736249105369355 -0.18595529717765036
 1.079429578126956 -0.1835509251367963
 1.0851558583130143 -0.18096541049320397
 1.0907980999479092 -0.17820130483767363
 1.096350734820343 -0.1752613360087728
 1.1018082831500742 -0.1721484054007888
 1.1071653589957993 -0.1688655851004031
 1.1124166755704261 -0.16541611485491242
 1.1175570504584946 -0.16180339887498954
 1.1225814107305951 -0.15803100247513813
 1.1274847979497378 -0.1541026485551579
 1.1322623730647303 -0.15002221392609194
 1.1369094211857378 -0.14579372548428235
 1.1414213562373094 -0.14142135623730953
 1.1457937254842823 -0.13690942118573776
 1.1500222139260918 -0.1322623730647304
 1.1541026485551578 -0.12748479794973797
 1.1580310024751381 -0.12258141073059531
 1.1618033988749894 -0.11755705045849463
 1.1654161148549123 -0.11241667557042612
 1.168865585100403 -0.10716535899579932
 1.1721484054007887 -0.10180828315007424
 1.1752613360087727 -0.09635073482034302
 1.1782013048376736 -0.09079809994790933
 1.180965410493204 -0.0851558583130145
 1.1835509251367964 -0.0794295781269561
 1.1859552971776504 -0.07362491053693557
 1.188176153790845 -0.06774758404905826
 1.1902113032590307 -0.06180339887498946
 1.1920587371353886 -0.05579822120784583
 1.1937166322257262 -0.04973797743297094
 1.1951833523877495 -0.0436286482793085
 1.1964574501457377 -0.03747626291714491
 1.1975376681190275 -0.031286893008046164
 1.1984229402628956 -0.02506664671286084
 1.199112392920616 -0.018821662663702856
 1.1996053456856544 -0.012558103905862664
 1.1999013120731463 -0.006282151815625649
 1.2 1.1102230246251566e-17
 1.1999013120731463 0.00628215181562567
 1.1996053456856544 0.012558103905862686
 1.199112392920616 0.018821662663702877
 1.1984229402628956 0.025066646712860866
 1.1975376681190275 0.031286893008046185
 1.1964574501457377 0.03747626291714493
 1.1951833523877495 0.04362864827930851
 1.1937166322257262 0.04973797743297096
 1.1920587371353886 0.05579822120784586
 1.1902113032590307 0.06180339887498948
 1.188176153790845 0.06774758404905827
 1.1859552971776504 0.07362491053693558
 1.1835509251367962 0.07942957812695611
 1.180965410493204 0.08515585831301453
 1.1782013048376736 0.09079809994790936
 1.1752613360087727 0.09635073482034305
 1.1721484054007887 0.10180828315007427
 1.168865585100403 0.10716535899579933
 1.1654161148549123 0.11241667557042612
 1.1618033988749894 0.11755705045849466
 1.1580310024751381 0.12258141073059532
 1.1541026485551578 0.12748479794973797
 1.1500222139260918 0.1322623730647304
 1.1457937254842823 0.13690942118573776
 1.1414213562373094 0.14142135623730953
 1.1369094211857376 0.14579372548428235
 1.1322623730647303 0.15002221392609197
 1.1274847979497378 0.1541026485551579
 1.1225814107305951 0.15803100247513813
 1.1175570504584946 0.16180339887498957
 1.1124166755704261 0.16541611485491245
 1.1071653589957993 0.1688655851004031
 1.1018082831500742 0.1721484054007888
 1.096350734820343 0.1752613360087728
 1.0907980999479092 0.17820130483767363
 1.0851558583130143 0.18096541049320397
 1.079429578126956 0.1835509251367963
 1.0736249105369355 0.18595529717765036
 1.0677475840490582 0.18817615379084518
 1.0618033988749893 0.1902113032590308
 1.0557982212078456 0.19205873713538868
 1.0497379774329707 0.19371663222572627
 1.0436286482793082 0.19518335238774953
 1.0374762629171448 0.1964574501457378
 1.0312868930080459 0.1975376681190276
 1.0250666467128606 0.19842294026289561
 1.0188216626637026 0.19911239292061603
 1.0125581039058624 0.19960534568565436
 1.0062821518156253 0.19990131207314632
 0.9999999999999998 0.2
 0.993717848184374 0.19990131207314632
 0.987441896094137 0.1996053456856543
 0.9811783373362969 0.199112392920616
 0.9749333532871388 0.19842294026289553
 0.9687131069919536 0.1975376681190275
 0.9625237370828548 0.19645745014573768
 0.9563713517206912 0.19518335238774942
 0.9502620225670287 0.19371663222572616
 0.9442017787921538 0.19205873713538854
 0.9381966011250102 0.19021130325903063
 0.9322524159509414 0.18817615379084499
 0.926375089463064 0.18595529717765016
 0.9205704218730435 0.18355092513679608
 0.9148441416869851 0.18096541049320375
 0.9092019000520903 0.17820130483767344
 0.9036492651796567 0.17526133600877258
 0.8981917168499255 0.1721484054007886
 0.8928346410042005 0.1688655851004029
 0.8875833244295737 0.16541611485491226
 0.8824429495415053 0.1618033988749894
 0.8774185892694046 0.15803100247513802
 0.872515202050262 0.1541026485551578
 0.8677376269352696 0.15002221392609189
 0.8630905788142622 0.1457937254842823
 0.8499928573250637 0.15000714267493642
 0.8414070708874367 0.15859292911256334
 0.8328212844498099 0.16717871555019026
 0.8242354980121829 0.17576450198781715
 0.815649711574556 0.18435028842544407
 0.8070639251369292 0.19293607486307096
 0.7984781386993022 0.20152186130069788
 0.7898923522616753 0.21010764773832477
 0.7813065658240483 0.21869343417595166
 0.7727207793864215 0.22727922061357858
 0.7641349929487946 0.2358650070512055
 0.7555492065111676 0.2444507934888324
 0.7469634200735408 0.2530365799264593
 0.7383776336359138 0.2616223663640862
 0.7297918471982869 0.2702081528017131
 0.7212060607606601 0.27879393923934004
 0.7126202743230331 0.2873797256769669
 0.7040344878854062 0.2959655121145938
 0.6954487014477793 0.30455129855222074
 0.6868629150101524 0.31313708498984766
 0.6782771285725255 0.3217228714274745
 0.6696913421348987 0.33030865786510144
 0.6611055556972717 0.33889444430272836
 0.6525197692596448 0.3474802307403553
 0.6439339828220179 0.35606601717798214
 0.635348196384391 0.36465180361560906
 0.6267624099467641 0.373237590053236
 0.6181766235091372 0.38182337649086284
 0.6095908370715103 0.3904091629284898
 0.6010050506338833 0.3989949493661167
 0.5924192641962565 0.40758073580374365
 0.5838334777586296 0.4161665222413705
 0.5752476913210026 0.4247523086789974
 0.5666619048833756 0.43333809511662436
 0.5580761184457488 0.4419238815542512
 0.5494903320081219 0.4505096679918781
 0.540904545570495 0.45909545442950506
 0.5323187591328681 0.4676812408671319
 0.5237329726952411 0.4762670273047589
 0.5151471862576142 0.48485281374238576
 0.5065613998199874 0.4934386001800126
 0.4979756133823605 0.5020243866176395
 0.48938982694473354 0.5106101730552665
 0.4808040405071067 0.5191959594928933
 0.4722182540694797 0.5277817459305203
 0.46363246763185284 0.5363675323681472
 0.4550466811942259 0.5449533188057741
 0.44646089475659906 0.553539105243401
 0.4378751083189721 0.562124891681028
 0.4292893218813452 0.5707106781186548
 0.4207035354437183 0.5792964645562817
 0.4121177490060914 0.5878822509939086
 0.40353196256846446 0.5964680374315355
 0.3949461761308376 0.6050538238691624
 0.3863603896932106 0.6136396103067894
 0.37777460325558376 0.6222253967444162
 0.36918881681795684 0.6308111831820432
 0.36060303038033 0.6393969696196701
 0.35201724394270306 0.647982756057297
 0.3434314575050762 0.6565685424949239
 0.3348456710674492 0.6651543289325509
 0.32625988462982236 0.6737401153701778
 0.3176740981921954 0.6823259018078046
 0.3090883117545685 0.6909116882454315
 0.30050252531694166 0.6994974746830583
 0.2919167388793147 0.7080832611206853
 0.2833309524416878 0.7166690475583122
 0.27474516600406085 0.7252548339959392
 0.266159379566434 0.733840620433566
 0.257573593128807 0.742426406871193
 0.24898780669118015 0.7510121933088199
 0.24040202025355328 0.7595979797464467
 0.23181623381592642 0.7681837661840736
 0.22323044737829945 0.7767695526217006
 0.21464466094067258 0.7853553390593274
 0.2060588745030456 0.7939411254969544
 0.19747308806541874 0.8025269119345813
 0.18888730162779177 0.8111126983722082
 0.1803015151901649 0.8196984848098351
 0.17171572875253793 0.8282842712474621
 0.16312994231491107 0.8368700576850889
 0.1545441558772842 0.8454558441227158
 0.14595836943965723 0.8540416305603428
 0.13737258300203048 0.8626274169979695
 0.1287867965644035 0.8712132034355965
 0.12020101012677653 0.8797989898732235
 0.11161522368914956 0.8883847763108504
 0.1030294372515228 0.8969705627484772
 0.09444365081389583 0.9055563491861042
 0.08585786437626886 0.914142135623731
 0.07727207793864199 0.922727922061358
 0.06868629150101513 0.9313137084989849
 0.060100505063388265 0.9398994949366117
 0.05151471862576129 0.9484852813742387
 0.04292893218813432 0.9570710678118657
 0.034343145750507564 0.9656568542494924
 0.02575735931288059 0.9742426406871194
 0.017171572875253616 0.9828284271247464
 0.008585786437626863 0.9914142135623731
 -1.1102230246251565e-16 1.0
